{
 "cells": [
  {
   "cell_type": "code",
   "execution_count": 82,
   "metadata": {
    "collapsed": true
   },
   "outputs": [],
   "source": [
    "import pandas as pd\n",
    "import numpy as np\n",
    "\n",
    "train = pd.read_csv('data/train.csv')\n",
    "test = pd.read_csv('data/test.csv')\n",
    "weather = pd.read_csv('data/weather.csv')\n",
    "spray = pd.read_csv('data/spray.csv')"
   ]
  },
  {
   "cell_type": "code",
   "execution_count": 83,
   "metadata": {
    "collapsed": true
   },
   "outputs": [],
   "source": [
    "#creating columns with airport coords\n",
    "train['lat_mid'] = 41.786839 \n",
    "train['long_mid'] = -87.752090\n",
    "train['lat_ohare'] = 41.972582\n",
    "train['long_ohare'] = -87.908753"
   ]
  },
  {
   "cell_type": "code",
   "execution_count": 84,
   "metadata": {
    "collapsed": true
   },
   "outputs": [],
   "source": [
    "#using the vincenty method to determine distance in miles between locations and airports\n",
    "from geopy.distance import vincenty\n",
    "train['mid']=train.apply(lambda x: vincenty((x['Latitude'], x['Longitude']), (x['lat_mid'], x['long_mid'] )).miles, axis=1)\n",
    "train['ohare']=train.apply(lambda x: vincenty((x['Latitude'], x['Longitude']), (x['lat_ohare'], x['long_ohare'] )).miles, axis=1)\n"
   ]
  },
  {
   "cell_type": "code",
   "execution_count": 85,
   "metadata": {
    "collapsed": true
   },
   "outputs": [],
   "source": [
    "#Label each entry with its closest airport 'Station'\n",
    "train.ix[train['mid'] > train['ohare'], 'Station'] = 1 #map 1 to closer if Ohare is closer\n",
    "train.ix[train['mid'] < train['ohare'], 'Station'] = 2 #map 2 if closer to Midway\n",
    "train.Station = train.Station.astype(int) #convert from float to int"
   ]
  },
  {
   "cell_type": "code",
   "execution_count": 86,
   "metadata": {
    "collapsed": false
   },
   "outputs": [],
   "source": [
    "#fixing missing values in weather dataframe\n",
    "weather.replace('M',np.NaN, inplace=True) #replace 'M' with 'NaN'\n",
    "weather.replace('-',np.NaN, inplace=True)\n",
    "weather.replace('  T', .005, inplace=True)\n",
    "weather.fillna(method='ffill', inplace=True) #fill in 'NaN' values with those from above it\n",
    "\n"
   ]
  },
  {
   "cell_type": "code",
   "execution_count": 87,
   "metadata": {
    "collapsed": false
   },
   "outputs": [
    {
     "data": {
      "text/html": [
       "<div>\n",
       "<table border=\"1\" class=\"dataframe\">\n",
       "  <thead>\n",
       "    <tr style=\"text-align: right;\">\n",
       "      <th></th>\n",
       "      <th>Station</th>\n",
       "      <th>Tmax</th>\n",
       "      <th>Tmin</th>\n",
       "      <th>Tavg</th>\n",
       "      <th>Depart</th>\n",
       "      <th>DewPoint</th>\n",
       "      <th>WetBulb</th>\n",
       "      <th>Heat</th>\n",
       "      <th>Cool</th>\n",
       "      <th>Sunrise</th>\n",
       "      <th>Sunset</th>\n",
       "      <th>SnowFall</th>\n",
       "      <th>PrecipTotal</th>\n",
       "      <th>StnPressure</th>\n",
       "      <th>SeaLevel</th>\n",
       "      <th>ResultSpeed</th>\n",
       "      <th>ResultDir</th>\n",
       "      <th>AvgSpeed</th>\n",
       "    </tr>\n",
       "  </thead>\n",
       "  <tbody>\n",
       "    <tr>\n",
       "      <th>Station</th>\n",
       "      <td>1.000000</td>\n",
       "      <td>0.016332</td>\n",
       "      <td>0.103995</td>\n",
       "      <td>0.058478</td>\n",
       "      <td>0.000000</td>\n",
       "      <td>0.007511</td>\n",
       "      <td>0.029012</td>\n",
       "      <td>-0.035826</td>\n",
       "      <td>0.066112</td>\n",
       "      <td>0.000000</td>\n",
       "      <td>0.000000</td>\n",
       "      <td>0.000000</td>\n",
       "      <td>-0.008428</td>\n",
       "      <td>0.190953</td>\n",
       "      <td>-0.028677</td>\n",
       "      <td>-0.007368</td>\n",
       "      <td>-0.016035</td>\n",
       "      <td>0.002635</td>\n",
       "    </tr>\n",
       "    <tr>\n",
       "      <th>Tmax</th>\n",
       "      <td>0.016332</td>\n",
       "      <td>1.000000</td>\n",
       "      <td>0.859981</td>\n",
       "      <td>0.965889</td>\n",
       "      <td>0.681827</td>\n",
       "      <td>0.801733</td>\n",
       "      <td>0.904683</td>\n",
       "      <td>-0.857467</td>\n",
       "      <td>0.832785</td>\n",
       "      <td>-0.488480</td>\n",
       "      <td>0.554672</td>\n",
       "      <td>-0.077527</td>\n",
       "      <td>0.038240</td>\n",
       "      <td>-0.156455</td>\n",
       "      <td>-0.208441</td>\n",
       "      <td>-0.180596</td>\n",
       "      <td>0.029231</td>\n",
       "      <td>-0.167579</td>\n",
       "    </tr>\n",
       "    <tr>\n",
       "      <th>Tmin</th>\n",
       "      <td>0.103995</td>\n",
       "      <td>0.859981</td>\n",
       "      <td>1.000000</td>\n",
       "      <td>0.959445</td>\n",
       "      <td>0.573208</td>\n",
       "      <td>0.904358</td>\n",
       "      <td>0.951490</td>\n",
       "      <td>-0.819030</td>\n",
       "      <td>0.859142</td>\n",
       "      <td>-0.470742</td>\n",
       "      <td>0.562221</td>\n",
       "      <td>-0.072669</td>\n",
       "      <td>0.106568</td>\n",
       "      <td>-0.202367</td>\n",
       "      <td>-0.282134</td>\n",
       "      <td>-0.114755</td>\n",
       "      <td>-0.014283</td>\n",
       "      <td>-0.101168</td>\n",
       "    </tr>\n",
       "    <tr>\n",
       "      <th>Tavg</th>\n",
       "      <td>0.058478</td>\n",
       "      <td>0.965889</td>\n",
       "      <td>0.959445</td>\n",
       "      <td>1.000000</td>\n",
       "      <td>0.653792</td>\n",
       "      <td>0.882718</td>\n",
       "      <td>0.961982</td>\n",
       "      <td>-0.871441</td>\n",
       "      <td>0.878103</td>\n",
       "      <td>-0.498133</td>\n",
       "      <td>0.579735</td>\n",
       "      <td>-0.077811</td>\n",
       "      <td>0.073636</td>\n",
       "      <td>-0.185066</td>\n",
       "      <td>-0.252536</td>\n",
       "      <td>-0.156094</td>\n",
       "      <td>0.009004</td>\n",
       "      <td>-0.142135</td>\n",
       "    </tr>\n",
       "    <tr>\n",
       "      <th>Depart</th>\n",
       "      <td>0.000000</td>\n",
       "      <td>0.681827</td>\n",
       "      <td>0.573208</td>\n",
       "      <td>0.653792</td>\n",
       "      <td>1.000000</td>\n",
       "      <td>0.544273</td>\n",
       "      <td>0.605109</td>\n",
       "      <td>-0.517022</td>\n",
       "      <td>0.625524</td>\n",
       "      <td>-0.027728</td>\n",
       "      <td>0.027630</td>\n",
       "      <td>-0.036936</td>\n",
       "      <td>0.063036</td>\n",
       "      <td>-0.261535</td>\n",
       "      <td>-0.285567</td>\n",
       "      <td>0.010059</td>\n",
       "      <td>0.099266</td>\n",
       "      <td>0.038200</td>\n",
       "    </tr>\n",
       "    <tr>\n",
       "      <th>DewPoint</th>\n",
       "      <td>0.007511</td>\n",
       "      <td>0.801733</td>\n",
       "      <td>0.904358</td>\n",
       "      <td>0.882718</td>\n",
       "      <td>0.544273</td>\n",
       "      <td>1.000000</td>\n",
       "      <td>0.972370</td>\n",
       "      <td>-0.773914</td>\n",
       "      <td>0.770554</td>\n",
       "      <td>-0.387249</td>\n",
       "      <td>0.475837</td>\n",
       "      <td>-0.073228</td>\n",
       "      <td>0.232245</td>\n",
       "      <td>-0.303376</td>\n",
       "      <td>-0.353450</td>\n",
       "      <td>-0.189207</td>\n",
       "      <td>0.003466</td>\n",
       "      <td>-0.153916</td>\n",
       "    </tr>\n",
       "    <tr>\n",
       "      <th>WetBulb</th>\n",
       "      <td>0.029012</td>\n",
       "      <td>0.904683</td>\n",
       "      <td>0.951490</td>\n",
       "      <td>0.961982</td>\n",
       "      <td>0.605109</td>\n",
       "      <td>0.972370</td>\n",
       "      <td>1.000000</td>\n",
       "      <td>-0.847898</td>\n",
       "      <td>0.835367</td>\n",
       "      <td>-0.456548</td>\n",
       "      <td>0.544595</td>\n",
       "      <td>-0.081433</td>\n",
       "      <td>0.164775</td>\n",
       "      <td>-0.252451</td>\n",
       "      <td>-0.311141</td>\n",
       "      <td>-0.181627</td>\n",
       "      <td>0.004677</td>\n",
       "      <td>-0.159097</td>\n",
       "    </tr>\n",
       "    <tr>\n",
       "      <th>Heat</th>\n",
       "      <td>-0.035826</td>\n",
       "      <td>-0.857467</td>\n",
       "      <td>-0.819030</td>\n",
       "      <td>-0.871441</td>\n",
       "      <td>-0.517022</td>\n",
       "      <td>-0.773914</td>\n",
       "      <td>-0.847898</td>\n",
       "      <td>1.000000</td>\n",
       "      <td>-0.530525</td>\n",
       "      <td>0.493845</td>\n",
       "      <td>-0.554089</td>\n",
       "      <td>0.112053</td>\n",
       "      <td>-0.064769</td>\n",
       "      <td>0.163868</td>\n",
       "      <td>0.217284</td>\n",
       "      <td>0.204698</td>\n",
       "      <td>0.080223</td>\n",
       "      <td>0.198175</td>\n",
       "    </tr>\n",
       "    <tr>\n",
       "      <th>Cool</th>\n",
       "      <td>0.066112</td>\n",
       "      <td>0.832785</td>\n",
       "      <td>0.859142</td>\n",
       "      <td>0.878103</td>\n",
       "      <td>0.625524</td>\n",
       "      <td>0.770554</td>\n",
       "      <td>0.835367</td>\n",
       "      <td>-0.530525</td>\n",
       "      <td>1.000000</td>\n",
       "      <td>-0.379125</td>\n",
       "      <td>0.461381</td>\n",
       "      <td>-0.025166</td>\n",
       "      <td>0.064074</td>\n",
       "      <td>-0.159977</td>\n",
       "      <td>-0.224471</td>\n",
       "      <td>-0.070080</td>\n",
       "      <td>0.093815</td>\n",
       "      <td>-0.052319</td>\n",
       "    </tr>\n",
       "    <tr>\n",
       "      <th>Sunrise</th>\n",
       "      <td>0.000000</td>\n",
       "      <td>-0.488480</td>\n",
       "      <td>-0.470742</td>\n",
       "      <td>-0.498133</td>\n",
       "      <td>-0.027728</td>\n",
       "      <td>-0.387249</td>\n",
       "      <td>-0.456548</td>\n",
       "      <td>0.493845</td>\n",
       "      <td>-0.379125</td>\n",
       "      <td>1.000000</td>\n",
       "      <td>-0.971177</td>\n",
       "      <td>0.064263</td>\n",
       "      <td>-0.045588</td>\n",
       "      <td>0.145857</td>\n",
       "      <td>0.185768</td>\n",
       "      <td>0.072641</td>\n",
       "      <td>0.151500</td>\n",
       "      <td>0.038132</td>\n",
       "    </tr>\n",
       "    <tr>\n",
       "      <th>Sunset</th>\n",
       "      <td>0.000000</td>\n",
       "      <td>0.554672</td>\n",
       "      <td>0.562221</td>\n",
       "      <td>0.579735</td>\n",
       "      <td>0.027630</td>\n",
       "      <td>0.475837</td>\n",
       "      <td>0.544595</td>\n",
       "      <td>-0.554089</td>\n",
       "      <td>0.461381</td>\n",
       "      <td>-0.971177</td>\n",
       "      <td>1.000000</td>\n",
       "      <td>-0.068779</td>\n",
       "      <td>0.053987</td>\n",
       "      <td>-0.141858</td>\n",
       "      <td>-0.186612</td>\n",
       "      <td>-0.094880</td>\n",
       "      <td>-0.140331</td>\n",
       "      <td>-0.064892</td>\n",
       "    </tr>\n",
       "    <tr>\n",
       "      <th>SnowFall</th>\n",
       "      <td>0.000000</td>\n",
       "      <td>-0.077527</td>\n",
       "      <td>-0.072669</td>\n",
       "      <td>-0.077811</td>\n",
       "      <td>-0.036936</td>\n",
       "      <td>-0.073228</td>\n",
       "      <td>-0.081433</td>\n",
       "      <td>0.112053</td>\n",
       "      <td>-0.025166</td>\n",
       "      <td>0.064263</td>\n",
       "      <td>-0.068779</td>\n",
       "      <td>1.000000</td>\n",
       "      <td>0.006379</td>\n",
       "      <td>0.033928</td>\n",
       "      <td>0.034242</td>\n",
       "      <td>0.119782</td>\n",
       "      <td>0.051687</td>\n",
       "      <td>0.127743</td>\n",
       "    </tr>\n",
       "    <tr>\n",
       "      <th>PrecipTotal</th>\n",
       "      <td>-0.008428</td>\n",
       "      <td>0.038240</td>\n",
       "      <td>0.106568</td>\n",
       "      <td>0.073636</td>\n",
       "      <td>0.063036</td>\n",
       "      <td>0.232245</td>\n",
       "      <td>0.164775</td>\n",
       "      <td>-0.064769</td>\n",
       "      <td>0.064074</td>\n",
       "      <td>-0.045588</td>\n",
       "      <td>0.053987</td>\n",
       "      <td>0.006379</td>\n",
       "      <td>1.000000</td>\n",
       "      <td>-0.262822</td>\n",
       "      <td>-0.256030</td>\n",
       "      <td>-0.018221</td>\n",
       "      <td>0.045789</td>\n",
       "      <td>0.100164</td>\n",
       "    </tr>\n",
       "    <tr>\n",
       "      <th>StnPressure</th>\n",
       "      <td>0.190953</td>\n",
       "      <td>-0.156455</td>\n",
       "      <td>-0.202367</td>\n",
       "      <td>-0.185066</td>\n",
       "      <td>-0.261535</td>\n",
       "      <td>-0.303376</td>\n",
       "      <td>-0.252451</td>\n",
       "      <td>0.163868</td>\n",
       "      <td>-0.159977</td>\n",
       "      <td>0.145857</td>\n",
       "      <td>-0.141858</td>\n",
       "      <td>0.033928</td>\n",
       "      <td>-0.262822</td>\n",
       "      <td>1.000000</td>\n",
       "      <td>0.968297</td>\n",
       "      <td>-0.209307</td>\n",
       "      <td>-0.220106</td>\n",
       "      <td>-0.303087</td>\n",
       "    </tr>\n",
       "    <tr>\n",
       "      <th>SeaLevel</th>\n",
       "      <td>-0.028677</td>\n",
       "      <td>-0.208441</td>\n",
       "      <td>-0.282134</td>\n",
       "      <td>-0.252536</td>\n",
       "      <td>-0.285567</td>\n",
       "      <td>-0.353450</td>\n",
       "      <td>-0.311141</td>\n",
       "      <td>0.217284</td>\n",
       "      <td>-0.224471</td>\n",
       "      <td>0.185768</td>\n",
       "      <td>-0.186612</td>\n",
       "      <td>0.034242</td>\n",
       "      <td>-0.256030</td>\n",
       "      <td>0.968297</td>\n",
       "      <td>1.000000</td>\n",
       "      <td>-0.204250</td>\n",
       "      <td>-0.228012</td>\n",
       "      <td>-0.308159</td>\n",
       "    </tr>\n",
       "    <tr>\n",
       "      <th>ResultSpeed</th>\n",
       "      <td>-0.007368</td>\n",
       "      <td>-0.180596</td>\n",
       "      <td>-0.114755</td>\n",
       "      <td>-0.156094</td>\n",
       "      <td>0.010059</td>\n",
       "      <td>-0.189207</td>\n",
       "      <td>-0.181627</td>\n",
       "      <td>0.204698</td>\n",
       "      <td>-0.070080</td>\n",
       "      <td>0.072641</td>\n",
       "      <td>-0.094880</td>\n",
       "      <td>0.119782</td>\n",
       "      <td>-0.018221</td>\n",
       "      <td>-0.209307</td>\n",
       "      <td>-0.204250</td>\n",
       "      <td>1.000000</td>\n",
       "      <td>0.096192</td>\n",
       "      <td>0.909781</td>\n",
       "    </tr>\n",
       "    <tr>\n",
       "      <th>ResultDir</th>\n",
       "      <td>-0.016035</td>\n",
       "      <td>0.029231</td>\n",
       "      <td>-0.014283</td>\n",
       "      <td>0.009004</td>\n",
       "      <td>0.099266</td>\n",
       "      <td>0.003466</td>\n",
       "      <td>0.004677</td>\n",
       "      <td>0.080223</td>\n",
       "      <td>0.093815</td>\n",
       "      <td>0.151500</td>\n",
       "      <td>-0.140331</td>\n",
       "      <td>0.051687</td>\n",
       "      <td>0.045789</td>\n",
       "      <td>-0.220106</td>\n",
       "      <td>-0.228012</td>\n",
       "      <td>0.096192</td>\n",
       "      <td>1.000000</td>\n",
       "      <td>0.156419</td>\n",
       "    </tr>\n",
       "    <tr>\n",
       "      <th>AvgSpeed</th>\n",
       "      <td>0.002635</td>\n",
       "      <td>-0.167579</td>\n",
       "      <td>-0.101168</td>\n",
       "      <td>-0.142135</td>\n",
       "      <td>0.038200</td>\n",
       "      <td>-0.153916</td>\n",
       "      <td>-0.159097</td>\n",
       "      <td>0.198175</td>\n",
       "      <td>-0.052319</td>\n",
       "      <td>0.038132</td>\n",
       "      <td>-0.064892</td>\n",
       "      <td>0.127743</td>\n",
       "      <td>0.100164</td>\n",
       "      <td>-0.303087</td>\n",
       "      <td>-0.308159</td>\n",
       "      <td>0.909781</td>\n",
       "      <td>0.156419</td>\n",
       "      <td>1.000000</td>\n",
       "    </tr>\n",
       "  </tbody>\n",
       "</table>\n",
       "</div>"
      ],
      "text/plain": [
       "              Station      Tmax      Tmin      Tavg    Depart  DewPoint  \\\n",
       "Station      1.000000  0.016332  0.103995  0.058478  0.000000  0.007511   \n",
       "Tmax         0.016332  1.000000  0.859981  0.965889  0.681827  0.801733   \n",
       "Tmin         0.103995  0.859981  1.000000  0.959445  0.573208  0.904358   \n",
       "Tavg         0.058478  0.965889  0.959445  1.000000  0.653792  0.882718   \n",
       "Depart       0.000000  0.681827  0.573208  0.653792  1.000000  0.544273   \n",
       "DewPoint     0.007511  0.801733  0.904358  0.882718  0.544273  1.000000   \n",
       "WetBulb      0.029012  0.904683  0.951490  0.961982  0.605109  0.972370   \n",
       "Heat        -0.035826 -0.857467 -0.819030 -0.871441 -0.517022 -0.773914   \n",
       "Cool         0.066112  0.832785  0.859142  0.878103  0.625524  0.770554   \n",
       "Sunrise      0.000000 -0.488480 -0.470742 -0.498133 -0.027728 -0.387249   \n",
       "Sunset       0.000000  0.554672  0.562221  0.579735  0.027630  0.475837   \n",
       "SnowFall     0.000000 -0.077527 -0.072669 -0.077811 -0.036936 -0.073228   \n",
       "PrecipTotal -0.008428  0.038240  0.106568  0.073636  0.063036  0.232245   \n",
       "StnPressure  0.190953 -0.156455 -0.202367 -0.185066 -0.261535 -0.303376   \n",
       "SeaLevel    -0.028677 -0.208441 -0.282134 -0.252536 -0.285567 -0.353450   \n",
       "ResultSpeed -0.007368 -0.180596 -0.114755 -0.156094  0.010059 -0.189207   \n",
       "ResultDir   -0.016035  0.029231 -0.014283  0.009004  0.099266  0.003466   \n",
       "AvgSpeed     0.002635 -0.167579 -0.101168 -0.142135  0.038200 -0.153916   \n",
       "\n",
       "              WetBulb      Heat      Cool   Sunrise    Sunset  SnowFall  \\\n",
       "Station      0.029012 -0.035826  0.066112  0.000000  0.000000  0.000000   \n",
       "Tmax         0.904683 -0.857467  0.832785 -0.488480  0.554672 -0.077527   \n",
       "Tmin         0.951490 -0.819030  0.859142 -0.470742  0.562221 -0.072669   \n",
       "Tavg         0.961982 -0.871441  0.878103 -0.498133  0.579735 -0.077811   \n",
       "Depart       0.605109 -0.517022  0.625524 -0.027728  0.027630 -0.036936   \n",
       "DewPoint     0.972370 -0.773914  0.770554 -0.387249  0.475837 -0.073228   \n",
       "WetBulb      1.000000 -0.847898  0.835367 -0.456548  0.544595 -0.081433   \n",
       "Heat        -0.847898  1.000000 -0.530525  0.493845 -0.554089  0.112053   \n",
       "Cool         0.835367 -0.530525  1.000000 -0.379125  0.461381 -0.025166   \n",
       "Sunrise     -0.456548  0.493845 -0.379125  1.000000 -0.971177  0.064263   \n",
       "Sunset       0.544595 -0.554089  0.461381 -0.971177  1.000000 -0.068779   \n",
       "SnowFall    -0.081433  0.112053 -0.025166  0.064263 -0.068779  1.000000   \n",
       "PrecipTotal  0.164775 -0.064769  0.064074 -0.045588  0.053987  0.006379   \n",
       "StnPressure -0.252451  0.163868 -0.159977  0.145857 -0.141858  0.033928   \n",
       "SeaLevel    -0.311141  0.217284 -0.224471  0.185768 -0.186612  0.034242   \n",
       "ResultSpeed -0.181627  0.204698 -0.070080  0.072641 -0.094880  0.119782   \n",
       "ResultDir    0.004677  0.080223  0.093815  0.151500 -0.140331  0.051687   \n",
       "AvgSpeed    -0.159097  0.198175 -0.052319  0.038132 -0.064892  0.127743   \n",
       "\n",
       "             PrecipTotal  StnPressure  SeaLevel  ResultSpeed  ResultDir  \\\n",
       "Station        -0.008428     0.190953 -0.028677    -0.007368  -0.016035   \n",
       "Tmax            0.038240    -0.156455 -0.208441    -0.180596   0.029231   \n",
       "Tmin            0.106568    -0.202367 -0.282134    -0.114755  -0.014283   \n",
       "Tavg            0.073636    -0.185066 -0.252536    -0.156094   0.009004   \n",
       "Depart          0.063036    -0.261535 -0.285567     0.010059   0.099266   \n",
       "DewPoint        0.232245    -0.303376 -0.353450    -0.189207   0.003466   \n",
       "WetBulb         0.164775    -0.252451 -0.311141    -0.181627   0.004677   \n",
       "Heat           -0.064769     0.163868  0.217284     0.204698   0.080223   \n",
       "Cool            0.064074    -0.159977 -0.224471    -0.070080   0.093815   \n",
       "Sunrise        -0.045588     0.145857  0.185768     0.072641   0.151500   \n",
       "Sunset          0.053987    -0.141858 -0.186612    -0.094880  -0.140331   \n",
       "SnowFall        0.006379     0.033928  0.034242     0.119782   0.051687   \n",
       "PrecipTotal     1.000000    -0.262822 -0.256030    -0.018221   0.045789   \n",
       "StnPressure    -0.262822     1.000000  0.968297    -0.209307  -0.220106   \n",
       "SeaLevel       -0.256030     0.968297  1.000000    -0.204250  -0.228012   \n",
       "ResultSpeed    -0.018221    -0.209307 -0.204250     1.000000   0.096192   \n",
       "ResultDir       0.045789    -0.220106 -0.228012     0.096192   1.000000   \n",
       "AvgSpeed        0.100164    -0.303087 -0.308159     0.909781   0.156419   \n",
       "\n",
       "             AvgSpeed  \n",
       "Station      0.002635  \n",
       "Tmax        -0.167579  \n",
       "Tmin        -0.101168  \n",
       "Tavg        -0.142135  \n",
       "Depart       0.038200  \n",
       "DewPoint    -0.153916  \n",
       "WetBulb     -0.159097  \n",
       "Heat         0.198175  \n",
       "Cool        -0.052319  \n",
       "Sunrise      0.038132  \n",
       "Sunset      -0.064892  \n",
       "SnowFall     0.127743  \n",
       "PrecipTotal  0.100164  \n",
       "StnPressure -0.303087  \n",
       "SeaLevel    -0.308159  \n",
       "ResultSpeed  0.909781  \n",
       "ResultDir    0.156419  \n",
       "AvgSpeed     1.000000  "
      ]
     },
     "execution_count": 87,
     "metadata": {},
     "output_type": "execute_result"
    }
   ],
   "source": [
    "weather1.corr()"
   ]
  },
  {
   "cell_type": "code",
   "execution_count": 88,
   "metadata": {
    "collapsed": false
   },
   "outputs": [
    {
     "data": {
      "text/plain": [
       "Station          int64\n",
       "Date            object\n",
       "Tmax             int64\n",
       "Tmin             int64\n",
       "Tavg            object\n",
       "Depart          object\n",
       "DewPoint         int64\n",
       "WetBulb         object\n",
       "Heat            object\n",
       "Cool            object\n",
       "Sunrise         object\n",
       "Sunset          object\n",
       "CodeSum         object\n",
       "Depth           object\n",
       "Water1         float64\n",
       "SnowFall        object\n",
       "PrecipTotal     object\n",
       "StnPressure     object\n",
       "SeaLevel        object\n",
       "ResultSpeed    float64\n",
       "ResultDir        int64\n",
       "AvgSpeed        object\n",
       "dtype: object"
      ]
     },
     "execution_count": 88,
     "metadata": {},
     "output_type": "execute_result"
    }
   ],
   "source": [
    "weather.dtypes"
   ]
  },
  {
   "cell_type": "code",
   "execution_count": 89,
   "metadata": {
    "collapsed": false
   },
   "outputs": [],
   "source": [
    "weather[['Tavg', 'Depart', 'WetBulb', 'Heat', 'Cool', 'Sunrise', 'Sunset', 'Depth', 'SnowFall', 'PrecipTotal', 'StnPressure', 'SeaLevel', 'AvgSpeed' ]]=weather[['Tavg', 'Depart', 'WetBulb', 'Heat', 'Cool', 'Sunrise', 'Sunset', 'Depth', 'SnowFall', 'PrecipTotal', 'StnPressure', 'SeaLevel', 'AvgSpeed' ]].astype('float')\n",
    "#weather.Depart\n",
    "#weather.WetBulb\n",
    "#weather.Heat\n",
    "#weather.Cool\n",
    "#weather.Sunrise\n",
    "\n"
   ]
  },
  {
   "cell_type": "code",
   "execution_count": 90,
   "metadata": {
    "collapsed": false
   },
   "outputs": [],
   "source": [
    "weather1 = weather.drop(['Water1', 'Depth', 'CodeSum'],axis=1)"
   ]
  },
  {
   "cell_type": "code",
   "execution_count": 91,
   "metadata": {
    "collapsed": false
   },
   "outputs": [
    {
     "data": {
      "text/html": [
       "<div>\n",
       "<table border=\"1\" class=\"dataframe\">\n",
       "  <thead>\n",
       "    <tr style=\"text-align: right;\">\n",
       "      <th></th>\n",
       "      <th>Station</th>\n",
       "      <th>Date</th>\n",
       "      <th>Tmax</th>\n",
       "      <th>Tmin</th>\n",
       "      <th>Tavg</th>\n",
       "      <th>Depart</th>\n",
       "      <th>DewPoint</th>\n",
       "      <th>WetBulb</th>\n",
       "      <th>Heat</th>\n",
       "      <th>Cool</th>\n",
       "      <th>Sunrise</th>\n",
       "      <th>Sunset</th>\n",
       "      <th>SnowFall</th>\n",
       "      <th>PrecipTotal</th>\n",
       "      <th>StnPressure</th>\n",
       "      <th>SeaLevel</th>\n",
       "      <th>ResultSpeed</th>\n",
       "      <th>ResultDir</th>\n",
       "      <th>AvgSpeed</th>\n",
       "    </tr>\n",
       "  </thead>\n",
       "  <tbody>\n",
       "    <tr>\n",
       "      <th>0</th>\n",
       "      <td>1</td>\n",
       "      <td>2007-05-01</td>\n",
       "      <td>83</td>\n",
       "      <td>50</td>\n",
       "      <td>67.0</td>\n",
       "      <td>14.0</td>\n",
       "      <td>51</td>\n",
       "      <td>56.0</td>\n",
       "      <td>0.0</td>\n",
       "      <td>2.0</td>\n",
       "      <td>448.0</td>\n",
       "      <td>1849.0</td>\n",
       "      <td>0.0</td>\n",
       "      <td>0.000</td>\n",
       "      <td>29.10</td>\n",
       "      <td>29.82</td>\n",
       "      <td>1.7</td>\n",
       "      <td>27</td>\n",
       "      <td>9.2</td>\n",
       "    </tr>\n",
       "    <tr>\n",
       "      <th>1</th>\n",
       "      <td>2</td>\n",
       "      <td>2007-05-01</td>\n",
       "      <td>84</td>\n",
       "      <td>52</td>\n",
       "      <td>68.0</td>\n",
       "      <td>14.0</td>\n",
       "      <td>51</td>\n",
       "      <td>57.0</td>\n",
       "      <td>0.0</td>\n",
       "      <td>3.0</td>\n",
       "      <td>448.0</td>\n",
       "      <td>1849.0</td>\n",
       "      <td>0.0</td>\n",
       "      <td>0.000</td>\n",
       "      <td>29.18</td>\n",
       "      <td>29.82</td>\n",
       "      <td>2.7</td>\n",
       "      <td>25</td>\n",
       "      <td>9.6</td>\n",
       "    </tr>\n",
       "    <tr>\n",
       "      <th>2</th>\n",
       "      <td>1</td>\n",
       "      <td>2007-05-02</td>\n",
       "      <td>59</td>\n",
       "      <td>42</td>\n",
       "      <td>51.0</td>\n",
       "      <td>-3.0</td>\n",
       "      <td>42</td>\n",
       "      <td>47.0</td>\n",
       "      <td>14.0</td>\n",
       "      <td>0.0</td>\n",
       "      <td>447.0</td>\n",
       "      <td>1850.0</td>\n",
       "      <td>0.0</td>\n",
       "      <td>0.000</td>\n",
       "      <td>29.38</td>\n",
       "      <td>30.09</td>\n",
       "      <td>13.0</td>\n",
       "      <td>4</td>\n",
       "      <td>13.4</td>\n",
       "    </tr>\n",
       "    <tr>\n",
       "      <th>3</th>\n",
       "      <td>2</td>\n",
       "      <td>2007-05-02</td>\n",
       "      <td>60</td>\n",
       "      <td>43</td>\n",
       "      <td>52.0</td>\n",
       "      <td>-3.0</td>\n",
       "      <td>42</td>\n",
       "      <td>47.0</td>\n",
       "      <td>13.0</td>\n",
       "      <td>0.0</td>\n",
       "      <td>447.0</td>\n",
       "      <td>1850.0</td>\n",
       "      <td>0.0</td>\n",
       "      <td>0.000</td>\n",
       "      <td>29.44</td>\n",
       "      <td>30.08</td>\n",
       "      <td>13.3</td>\n",
       "      <td>2</td>\n",
       "      <td>13.4</td>\n",
       "    </tr>\n",
       "    <tr>\n",
       "      <th>4</th>\n",
       "      <td>1</td>\n",
       "      <td>2007-05-03</td>\n",
       "      <td>66</td>\n",
       "      <td>46</td>\n",
       "      <td>56.0</td>\n",
       "      <td>2.0</td>\n",
       "      <td>40</td>\n",
       "      <td>48.0</td>\n",
       "      <td>9.0</td>\n",
       "      <td>0.0</td>\n",
       "      <td>446.0</td>\n",
       "      <td>1851.0</td>\n",
       "      <td>0.0</td>\n",
       "      <td>0.000</td>\n",
       "      <td>29.39</td>\n",
       "      <td>30.12</td>\n",
       "      <td>11.7</td>\n",
       "      <td>7</td>\n",
       "      <td>11.9</td>\n",
       "    </tr>\n",
       "    <tr>\n",
       "      <th>5</th>\n",
       "      <td>2</td>\n",
       "      <td>2007-05-03</td>\n",
       "      <td>67</td>\n",
       "      <td>48</td>\n",
       "      <td>58.0</td>\n",
       "      <td>2.0</td>\n",
       "      <td>40</td>\n",
       "      <td>50.0</td>\n",
       "      <td>7.0</td>\n",
       "      <td>0.0</td>\n",
       "      <td>446.0</td>\n",
       "      <td>1851.0</td>\n",
       "      <td>0.0</td>\n",
       "      <td>0.000</td>\n",
       "      <td>29.46</td>\n",
       "      <td>30.12</td>\n",
       "      <td>12.9</td>\n",
       "      <td>6</td>\n",
       "      <td>13.2</td>\n",
       "    </tr>\n",
       "    <tr>\n",
       "      <th>6</th>\n",
       "      <td>1</td>\n",
       "      <td>2007-05-04</td>\n",
       "      <td>66</td>\n",
       "      <td>49</td>\n",
       "      <td>58.0</td>\n",
       "      <td>4.0</td>\n",
       "      <td>41</td>\n",
       "      <td>50.0</td>\n",
       "      <td>7.0</td>\n",
       "      <td>0.0</td>\n",
       "      <td>444.0</td>\n",
       "      <td>1852.0</td>\n",
       "      <td>0.0</td>\n",
       "      <td>0.005</td>\n",
       "      <td>29.31</td>\n",
       "      <td>30.05</td>\n",
       "      <td>10.4</td>\n",
       "      <td>8</td>\n",
       "      <td>10.8</td>\n",
       "    </tr>\n",
       "    <tr>\n",
       "      <th>7</th>\n",
       "      <td>2</td>\n",
       "      <td>2007-05-04</td>\n",
       "      <td>78</td>\n",
       "      <td>51</td>\n",
       "      <td>58.0</td>\n",
       "      <td>4.0</td>\n",
       "      <td>42</td>\n",
       "      <td>50.0</td>\n",
       "      <td>7.0</td>\n",
       "      <td>0.0</td>\n",
       "      <td>444.0</td>\n",
       "      <td>1852.0</td>\n",
       "      <td>0.0</td>\n",
       "      <td>0.000</td>\n",
       "      <td>29.36</td>\n",
       "      <td>30.04</td>\n",
       "      <td>10.1</td>\n",
       "      <td>7</td>\n",
       "      <td>10.4</td>\n",
       "    </tr>\n",
       "    <tr>\n",
       "      <th>8</th>\n",
       "      <td>1</td>\n",
       "      <td>2007-05-05</td>\n",
       "      <td>66</td>\n",
       "      <td>53</td>\n",
       "      <td>60.0</td>\n",
       "      <td>5.0</td>\n",
       "      <td>38</td>\n",
       "      <td>49.0</td>\n",
       "      <td>5.0</td>\n",
       "      <td>0.0</td>\n",
       "      <td>443.0</td>\n",
       "      <td>1853.0</td>\n",
       "      <td>0.0</td>\n",
       "      <td>0.005</td>\n",
       "      <td>29.40</td>\n",
       "      <td>30.10</td>\n",
       "      <td>11.7</td>\n",
       "      <td>7</td>\n",
       "      <td>12.0</td>\n",
       "    </tr>\n",
       "    <tr>\n",
       "      <th>9</th>\n",
       "      <td>2</td>\n",
       "      <td>2007-05-05</td>\n",
       "      <td>66</td>\n",
       "      <td>54</td>\n",
       "      <td>60.0</td>\n",
       "      <td>5.0</td>\n",
       "      <td>39</td>\n",
       "      <td>50.0</td>\n",
       "      <td>5.0</td>\n",
       "      <td>0.0</td>\n",
       "      <td>443.0</td>\n",
       "      <td>1853.0</td>\n",
       "      <td>0.0</td>\n",
       "      <td>0.005</td>\n",
       "      <td>29.46</td>\n",
       "      <td>30.09</td>\n",
       "      <td>11.2</td>\n",
       "      <td>7</td>\n",
       "      <td>11.5</td>\n",
       "    </tr>\n",
       "  </tbody>\n",
       "</table>\n",
       "</div>"
      ],
      "text/plain": [
       "   Station        Date  Tmax  Tmin  Tavg  Depart  DewPoint  WetBulb  Heat  \\\n",
       "0        1  2007-05-01    83    50  67.0    14.0        51     56.0   0.0   \n",
       "1        2  2007-05-01    84    52  68.0    14.0        51     57.0   0.0   \n",
       "2        1  2007-05-02    59    42  51.0    -3.0        42     47.0  14.0   \n",
       "3        2  2007-05-02    60    43  52.0    -3.0        42     47.0  13.0   \n",
       "4        1  2007-05-03    66    46  56.0     2.0        40     48.0   9.0   \n",
       "5        2  2007-05-03    67    48  58.0     2.0        40     50.0   7.0   \n",
       "6        1  2007-05-04    66    49  58.0     4.0        41     50.0   7.0   \n",
       "7        2  2007-05-04    78    51  58.0     4.0        42     50.0   7.0   \n",
       "8        1  2007-05-05    66    53  60.0     5.0        38     49.0   5.0   \n",
       "9        2  2007-05-05    66    54  60.0     5.0        39     50.0   5.0   \n",
       "\n",
       "   Cool  Sunrise  Sunset  SnowFall  PrecipTotal  StnPressure  SeaLevel  \\\n",
       "0   2.0    448.0  1849.0       0.0        0.000        29.10     29.82   \n",
       "1   3.0    448.0  1849.0       0.0        0.000        29.18     29.82   \n",
       "2   0.0    447.0  1850.0       0.0        0.000        29.38     30.09   \n",
       "3   0.0    447.0  1850.0       0.0        0.000        29.44     30.08   \n",
       "4   0.0    446.0  1851.0       0.0        0.000        29.39     30.12   \n",
       "5   0.0    446.0  1851.0       0.0        0.000        29.46     30.12   \n",
       "6   0.0    444.0  1852.0       0.0        0.005        29.31     30.05   \n",
       "7   0.0    444.0  1852.0       0.0        0.000        29.36     30.04   \n",
       "8   0.0    443.0  1853.0       0.0        0.005        29.40     30.10   \n",
       "9   0.0    443.0  1853.0       0.0        0.005        29.46     30.09   \n",
       "\n",
       "   ResultSpeed  ResultDir  AvgSpeed  \n",
       "0          1.7         27       9.2  \n",
       "1          2.7         25       9.6  \n",
       "2         13.0          4      13.4  \n",
       "3         13.3          2      13.4  \n",
       "4         11.7          7      11.9  \n",
       "5         12.9          6      13.2  \n",
       "6         10.4          8      10.8  \n",
       "7         10.1          7      10.4  \n",
       "8         11.7          7      12.0  \n",
       "9         11.2          7      11.5  "
      ]
     },
     "execution_count": 91,
     "metadata": {},
     "output_type": "execute_result"
    }
   ],
   "source": [
    "weather1.head(10)"
   ]
  },
  {
   "cell_type": "code",
   "execution_count": 92,
   "metadata": {
    "collapsed": false
   },
   "outputs": [],
   "source": [
    "#merge train and weather dataframes\n",
    "#merge based on matching Date and Station and value\n",
    "train1 = train.merge(weather1, on= ['Date', 'Station'])"
   ]
  },
  {
   "cell_type": "code",
   "execution_count": 93,
   "metadata": {
    "collapsed": false
   },
   "outputs": [
    {
     "data": {
      "text/html": [
       "<div>\n",
       "<table border=\"1\" class=\"dataframe\">\n",
       "  <thead>\n",
       "    <tr style=\"text-align: right;\">\n",
       "      <th></th>\n",
       "      <th>Date</th>\n",
       "      <th>Address</th>\n",
       "      <th>Species</th>\n",
       "      <th>Block</th>\n",
       "      <th>Street</th>\n",
       "      <th>Trap</th>\n",
       "      <th>AddressNumberAndStreet</th>\n",
       "      <th>Latitude</th>\n",
       "      <th>Longitude</th>\n",
       "      <th>AddressAccuracy</th>\n",
       "      <th>...</th>\n",
       "      <th>Cool</th>\n",
       "      <th>Sunrise</th>\n",
       "      <th>Sunset</th>\n",
       "      <th>SnowFall</th>\n",
       "      <th>PrecipTotal</th>\n",
       "      <th>StnPressure</th>\n",
       "      <th>SeaLevel</th>\n",
       "      <th>ResultSpeed</th>\n",
       "      <th>ResultDir</th>\n",
       "      <th>AvgSpeed</th>\n",
       "    </tr>\n",
       "  </thead>\n",
       "  <tbody>\n",
       "    <tr>\n",
       "      <th>0</th>\n",
       "      <td>2007-05-29</td>\n",
       "      <td>4100 North Oak Park Avenue, Chicago, IL 60634,...</td>\n",
       "      <td>CULEX PIPIENS/RESTUANS</td>\n",
       "      <td>41</td>\n",
       "      <td>N OAK PARK AVE</td>\n",
       "      <td>T002</td>\n",
       "      <td>4100  N OAK PARK AVE, Chicago, IL</td>\n",
       "      <td>41.954690</td>\n",
       "      <td>-87.800991</td>\n",
       "      <td>9</td>\n",
       "      <td>...</td>\n",
       "      <td>9.0</td>\n",
       "      <td>421.0</td>\n",
       "      <td>1917.0</td>\n",
       "      <td>0.0</td>\n",
       "      <td>0.0</td>\n",
       "      <td>29.39</td>\n",
       "      <td>30.11</td>\n",
       "      <td>5.8</td>\n",
       "      <td>18</td>\n",
       "      <td>6.5</td>\n",
       "    </tr>\n",
       "    <tr>\n",
       "      <th>1</th>\n",
       "      <td>2007-05-29</td>\n",
       "      <td>4100 North Oak Park Avenue, Chicago, IL 60634,...</td>\n",
       "      <td>CULEX RESTUANS</td>\n",
       "      <td>41</td>\n",
       "      <td>N OAK PARK AVE</td>\n",
       "      <td>T002</td>\n",
       "      <td>4100  N OAK PARK AVE, Chicago, IL</td>\n",
       "      <td>41.954690</td>\n",
       "      <td>-87.800991</td>\n",
       "      <td>9</td>\n",
       "      <td>...</td>\n",
       "      <td>9.0</td>\n",
       "      <td>421.0</td>\n",
       "      <td>1917.0</td>\n",
       "      <td>0.0</td>\n",
       "      <td>0.0</td>\n",
       "      <td>29.39</td>\n",
       "      <td>30.11</td>\n",
       "      <td>5.8</td>\n",
       "      <td>18</td>\n",
       "      <td>6.5</td>\n",
       "    </tr>\n",
       "    <tr>\n",
       "      <th>2</th>\n",
       "      <td>2007-05-29</td>\n",
       "      <td>6200 North Mandell Avenue, Chicago, IL 60646, USA</td>\n",
       "      <td>CULEX RESTUANS</td>\n",
       "      <td>62</td>\n",
       "      <td>N MANDELL AVE</td>\n",
       "      <td>T007</td>\n",
       "      <td>6200  N MANDELL AVE, Chicago, IL</td>\n",
       "      <td>41.994991</td>\n",
       "      <td>-87.769279</td>\n",
       "      <td>9</td>\n",
       "      <td>...</td>\n",
       "      <td>9.0</td>\n",
       "      <td>421.0</td>\n",
       "      <td>1917.0</td>\n",
       "      <td>0.0</td>\n",
       "      <td>0.0</td>\n",
       "      <td>29.39</td>\n",
       "      <td>30.11</td>\n",
       "      <td>5.8</td>\n",
       "      <td>18</td>\n",
       "      <td>6.5</td>\n",
       "    </tr>\n",
       "    <tr>\n",
       "      <th>3</th>\n",
       "      <td>2007-05-29</td>\n",
       "      <td>7900 West Foster Avenue, Chicago, IL 60656, USA</td>\n",
       "      <td>CULEX PIPIENS/RESTUANS</td>\n",
       "      <td>79</td>\n",
       "      <td>W FOSTER AVE</td>\n",
       "      <td>T015</td>\n",
       "      <td>7900  W FOSTER AVE, Chicago, IL</td>\n",
       "      <td>41.974089</td>\n",
       "      <td>-87.824812</td>\n",
       "      <td>8</td>\n",
       "      <td>...</td>\n",
       "      <td>9.0</td>\n",
       "      <td>421.0</td>\n",
       "      <td>1917.0</td>\n",
       "      <td>0.0</td>\n",
       "      <td>0.0</td>\n",
       "      <td>29.39</td>\n",
       "      <td>30.11</td>\n",
       "      <td>5.8</td>\n",
       "      <td>18</td>\n",
       "      <td>6.5</td>\n",
       "    </tr>\n",
       "    <tr>\n",
       "      <th>4</th>\n",
       "      <td>2007-05-29</td>\n",
       "      <td>7900 West Foster Avenue, Chicago, IL 60656, USA</td>\n",
